530070000
600195000
098000060
800060003
400803001
700020006
060000280
000419005
000080079

200080300
060070084
030500209
000105408
000000000
402706000
301007040
720040060
004010003

000000907
000420180
000705026
100904000
050000040
000507009
920108000
034059000
507000000

030050040
008010500
460000012
070502080
000603000
040109030
250000098
001020600
080060020

020810740
700003100
090002805
009040087
400208003
160030200
302700060
005600008
076051090

100920000
524010000
000000070
050008102
000000000
402700090
060000000
000030945
000071006

043080250
600000000
000001094
900004070
000608000
010200003
820500000
000000005
034090710

480006902
002008001
900370060
840010200
003704100
001060049
020085007
700900600
609200018

000900002
050123400
030000160
908000000
070000090
000000205
091000050
007439020
400007000

001900003
900700160
030005007
050000009
004302600
200000070
600100030
042007006
500006800

000125400
008400000
420800000
030000095
060902010
510000060
000003049
000007200
001298000

062340750
100005600
570000040
000094800
400000006
005830000
030000091
006400007
059083260

300000000
005009000
200504000
020000700
160000058
704310600
000890100
000067080
000005437

630000000
000500008
005674000
000020000
003401020
000000345
000007004
080300902
947100080

000020040
008035000
000070602
031046970
200000000
000501203
049000730
000000010
800004000

361025900
080960010
400000057
008000471
000603000
259000800
740000005
020018060
005470329

050807020
600010090
702540006
070020301
504000908
103080070
900076205
060090003
080103040

080005000
000003457
000070809
060400903
007010500
408007020
901020000
842300000
000100080

003502900
000040000
106000305
900251008
070408030
800763001
308000104
000020000
005104800

000000000
009805100
051907420
290401065
000000000
140508093
026709580
005103600
000000000

590000001
000506000
100000030
000050800
000907000
006080000
040000007
000401000
700000092

000000080
800701000
020000600
000080300
000000000
001090000
005000070
000304005
070000000

004000000
000030002
390700080
400009001
209801307
600200004
010008053
900040000
000000800

360020089
000361000
000000000
803000602
400603007
607000108
000000000
000418000
970030014

500400060
009000800
640020000
000001008
208000501
700900000
000090084
003000600
060003002